18011 166411
18979 167665
18575 167384
18575 167384
17833 167214
18782 167849
18393 167834
17917 167527
17686 167111
17720 167611
18571 167462
18597 166240
17808 167130
18109 167082
18492 167654
18044 168220
18120 167695
18031 167487
17900 166625
17807 167355
17794 167412
18620 167727
18410 166723
18464 167504
18192 167714
18984 166790
19051 168014
18510 167492
17885 167515
18736 167613
18588 168038
18586 167621
17799 167589
18693 167569
18107 168242
18404 167345
18166 165891
19289 165490
19101 167955
18689 168187
18608 167643
17867 167102
18202 167272
18503 167627
19019 166592
18608 167573
19050 168087
18025 167465
18127 167421
18840 167005
18692 167546
18347 167087
17852 167616
18107 167158
17936 166741
17660 166955
18554 167230
18033 168178
18399 167358
18120 168211
18141 168205
17976 167631
18332 167814
18728 166949
17831 167595
17562 166695
18968 168042
17732 167614
18038 167416
18497 167998
17808 168084
17730 166815
18086 168178
17951 167574
18335 167884
18488 167835
18370 167640
18224 167659
18224 167659
18592 166253
18778 167946
17905 167118
18170 168215
18187 167262
18905 167746
18007 167324
18667 166243
17862 167179
18330 167559
18539 167369
18580 167694
18716 166189
18111 167927
18500 167807
17813 165921
19041 167845
17801 167349
17902 166618
18979 168040
17850 166785
18438 167649
18060 166291
18060 166291
18726 166950
19121 168033
17964 167206
18298 166725
18891 167805
18491 167506
18878 167598
18769 167465
17975 167521
17975 167521
18691 167460
18587 167334
17916 167024
18626 167355
18359 167904
18803 168204
18587 167636
17915 167529
19080 167944
17915 166293
18120 166464
18543 166176
18905 167630
18866 167774
18322 167176
17847 167476
17925 166537
18499 167608
18756 167031
18013 166539
18309 166973
18528 167932
18129 167203
18153 167985
18127 167543
18450 167244
18852 167814
18285 167847
17918 167008
17918 167008
17769 166966
18777 167941
18063 166292
18437 167603
17697 167603
17668 167136
18708 168226
18589 167482
17789 167025
18631 166241
18118 168070
18732 167876
18291 168264
18901 167804
18176 167387
18172 167459
18901 167804
17794 167179
18737 166949
18894 167805
18176 167386
18211 167604
17911 166370
18403 167125
18605 167371
18106 168236
17739 167595
17821 167646
18296 166009
18051 167741
18946 167860
19143 165342
18735 167142
18243 167846
18243 167846
18950 167705
18067 167316
18045 167356
18098 167772
18438 167857
18587 167334
17875 166799
17817 167547
18810 167131
18151 167128
18665 167867
18344 167197
18891 167792
19085 168059
17846 167515
18745 167541
17969 166614
18555 167393
17572 167649
17623 167092
17628 167092
17931 167102
18524 167429
18265 167599
19133 168035
17833 167640
17989 167648
17947 167510
18729 167068
18149 167275
18137 167460
18363 167296
18414 167235
18029 167077
18414 167235
18762 167804
18046 167002
17652 166880
18064 167562
18163 167294
18397 167555
18068 167246
18987 166657
18717 167698
18793 166667
18791 168050
18113 167687
17934 167722
18250 167181
17772 167133
19082 167896
18100 167546
18614 166303
18498 167661
17631 167075
17759 166919
17725 166827
18541 167623
19034 167637
17965 167504
17801 167345
17848 166650
18859 166839
18032 166357
18751 167466
18737 168111
17793 167454
18643 167032
18221 167280
17926 167690
17989 167806
18802 167549
18037 167673
19017 166675
18060 167455
18508 167627
18429 167199
17608 166758
18817 167561
17837 166443
18163 167281
18999 168029
18046 167553
18480 167320
18634 166321
18702 168061
18528 167938
17952 167446
18988 168087
17865 167039
18984 168018
18735 167142
18403 167224
18791 168050
18726 166950
17579 166783
18982 166620
18477 167144