18401 167196
17812 167096
18944 167636
18455 167440
19009 167906
18499 167652
18146 167899
18646 166225
18904 167653
18616 167696
18553 167566
18694 166229
17874 167189
18401 167185
18530 167509
17766 167201
18277 167283
17807 167258
17818 167143
18524 167856
18572 167681
17794 166167
18262 165625
18553 167566
18659 166211
18401 167177
19049 166611
18678 168150
18236 167762
17918 167229
17855 167163
17924 167647
18919 167790
18508 167672
17815 166696
18087 168172
17907 167448
18189 165658
18956 167807
18507 168029
17813 167083
18511 167876
18673 168135
18592 167234
17921 166552
18006 167323
18480 167463
18522 167772
18953 166714
18274 168269
18846 168094
17922 167545
18445 167191
18731 167660
18740 166286
18115 168172
17867 167154
18785 167504
18669 168070
17850 167567
17729 167029
18584 167969
19009 167906
18505 168069
18246 167204
17899 167323
17807 167022
17573 166810
18606 166171
18498 167599
17898 167497
18964 166597
18498 167654
18670 166224
18699 167635
18690 167917
18862 167811
17961 167511
18802 167725
18140 167125
17657 166590
18727 166294
17643 166744
18561 166156
18616 166258
18374 167091
18399 167481
18334 167366
18415 167190
18575 167384
18581 167502
18876 167580
18536 167504
19051 168072
18075 168130
18395 168120
18904 167653
18706 168128
17918 167449
18454 167485
18108 167245
17711 166758
17807 167598
18669 168066
18961 166582
18392 166728
17950 167634
17835 167212
18654 166261
18302 165645
18322 167182
17820 167017
17533 166909
18237 167514
18986 167619
18499 167652
18791 168050
17797 167603
18714 167862
18612 167227
18488 167521
18048 167202
18507 168029
17827 167532
17696 167602
18135 167284
18638 166207
18044 167355
18086 168178
18495 167852
18970 168035
18970 168035
18174 165648
18281 166704
17901 167057
17944 167231
18998 166662
18153 166531
17918 167229
18731 166287
19073 167964
17817 167041
18590 166324
18037 167446
17908 167221
18281 166946
18091 167283
18771 168037
18553 167526
18121 166979
18832 167625
18699 165642
19071 167989
19009 167906
17797 167239
17831 166800
18062 167163
17790 167116
18098 168092
18727 167961
17937 167106
18572 168035
17746 166968
17783 167039
17893 167186
18920 167623
18389 167116
18689 166960
18052 166288
17831 167595
18117 167724
18122 167208
18899 167804
18403 167141
17918 167229
17733 167596
18641 166309
18809 167023
18128 167248
19058 167931
17676 167064
18626 167356
18090 167284
17748 167088
17819 167519
17819 167519
17819 167519
17545 166724
18693 166228
18103 167258
18793 166667
19002 168045
18109 167254
18113 168090
18500 167607
17943 167231
18535 167622
17814 166134
17908 167676
18421 167194
17472 166827
18833 167707
18120 168211
18547 167898
18114 168168
17753 167024
18691 168090
18444 167195
17881 167508
17894 167107
18590 166324
18235 167520
18793 166667
18300 167173
18187 167140
17984 167496
18997 167562
18334 167122
18902 167816
18817 167090
18086 168167
17753 167023
18539 167488
17894 167108
18100 167492
18372 167956
18036 166544
18635 166206
18344 167707
17726 167016
17748 167050
18128 168234
17831 167193
18089 167285
17849 166462
18040 168009
17843 167007
18934 167651
19063 167721
18673 168126
17930 167139
17686 167065
18930 167632
18429 167447
18337 166981
17819 167042
19050 168089
18590 166324
18667 168069
18619 167589
18838 168208
18463 167444
18108 167464
18502 168145
18157 167325
17894 167108
19058 167986
18590 166324
18208 167355
18102 167287
18573 167664
19001 167626
18171 165894
18215 168242
18536 167452
18100 167276
18045 166287
18390 167253
18028 166530
