17635 166816
17741 166996
17702 166815
17822 167667
18076 167263
18107 167758
17788 166141
17925 167665
18386 167280
18446 167189
17816 166530
17958 167151
18214 167256
18761 167518
17745 166753
17804 167660
19007 168082
18158 167787
18691 167526
17718 167034
18356 165704
18865 167811
18342 167894
18287 167539
18672 166209
18775 167751
17801 166710
18689 167469
18769 168195
18349 166857
17989 167631
18793 167848
18590 167994
18670 166224
18439 167225
18961 167733
18496 167656
17761 167060
17860 167386
18128 167897
18606 167981
18357 166862
18513 167497
17945 166577
18843 168125
17831 167592
17971 167765
17641 166784
18741 166950
18538 167830
18031 166528
18608 167878
18824 167020
18071 167675
19041 167788
17844 166654
18404 167456
17565 166912
18207 167176
18366 167198
18273 165672
17862 166315
18676 167634
17900 167363
17797 167603
17652 166880
18435 167809
18690 167998
18060 167408
17835 166626
18967 166391
18498 167600
17772 166170
18630 167503
18427 167173
18167 167780
18442 167633
18410 167478
18053 168051
18030 167606
18302 166969
19080 167960
18401 167196
18637 166229
17646 166745
17896 166515
17853 167089
17831 167417
17781 166951
18382 167313
18460 167784
18157 167369
17938 167535
17782 166833
18296 167544
18183 167746
18551 167998
18044 168114
17813 167469
18703 168160
18930 167801
18054 167940
18541 167903
18051 168115
18590 166324
18208 167878
18332 167166
17807 166865
18673 168214
18577 167925
19088 168044
17854 167025
17690 166967
18300 166710
17772 167308
19083 168024
17778 166830
18669 166132
18700 167772
18281 167546